Option 3. FSA table + driver
FSA table is in scanner.c file, also attached here:
//FSA table
int fsaTable[21][23] = {
   {-1, 1, 2, 0 ,3, 4, 5, 6, 7, 8, 9, 10, 11, 12, 13, 14, 15, 16, 17, 18, 19, 20, 1021},
   {1, 1, 1, 1001, 1001, 1001, 1001, 1001, 1001, 1001, 1001, 1001, 1001, 1001, 1001, 1001, 1001, 1001, 1001, 1001, 1001, 1001, 1001},
   {1002, 1002, 2, 1002, 1002, 1002, 1002, 1002, 1002, 1002, 1002, 1002, 1002, 1002, 1002, 1002, 1002, 1002, 1002, 1002, 1002, 1002, 1002},
   {1003, 1003, 1003, 1003, 1003, 1003, 1003, 1003, 1003, 1003, 1003, 1003, 1003, 1003, 1003, 1003, 1003, 1003, 1003, 1003, 1003, 1003, 1003},
   {1004, 1004, 1004, 1004, 1004, 1004, 1004, 1004, 1004, 1004, 1004, 1004, 1004, 1004, 1004, 1004, 1004, 1004, 1004, 1004, 1004, 1004, 1004},
   {1005, 1005, 1005, 1005, 1005, 1005, 1005, 1005, 1005, 1005, 1005, 1005, 1005, 1005, 1005, 1005, 1005, 1005, 1005, 1005, 1005, 1005, 1005},
   {1006, 1006, 1006, 1006, 1006, 1006, 1006, 1006, 1006, 1006, 1006, 1006, 1006, 1006, 1006, 1006, 1006, 1006, 1006, 1006, 1006, 1006, 1006},
   {1007, 1007, 1007, 1007, 1007, 1007, 1007, 1007, 1007, 1007, 1007, 1007, 1007, 1007, 1007, 1007, 1007, 1007, 1007, 1007, 1007, 1007, 1007},
   {1008, 1008, 1008, 1008, 1008, 1008, 1008, 1008, 1008, 1008, 1008, 1008, 1008, 1008, 1008, 1008, 1008, 1008, 1008, 1008, 1008, 1008, 1008},
   {1009, 1009, 1009, 1009, 1009, 1009, 1009, 1009, 1009, 1009, 1009, 1009, 1009, 1009, 1009, 1009, 1009, 1009, 1009, 1009, 1009, 1009, 1009},
   {1010, 1010, 1010, 1010, 1010, 1010, 1010, 1010, 1010, 1010, 1010, 1010, 1010, 1010, 1010, 1010, 1010, 1010, 1010, 1010, 1010, 1010, 1010},
   {1011, 1011, 1011, 1011, 1011, 1011, 1011, 1011, 1011, 1011, 1011, 1011, 1011, 1011, 1011, 1011, 1011, 1011, 1011, 1011, 1011, 1011, 1011},
   {1012, 1012, 1012, 1012, 1012, 1012, 1012, 1012, 1012, 1012, 1012, 1012, 1012, 1012, 1012, 1012, 1012, 1012, 1012, 1012, 1012, 1012, 1012},
   {1013, 1013, 1013, 1013, 1013, 1013, 1013, 1013, 1013, 1013, 1013, 1013, 1013, 1013, 1013, 1013, 1013, 1013, 1013, 1013, 1013, 1013, 1013},
   {1014, 1014, 1014, 1014, 1014, 1014, 1014, 1014, 1014, 1014, 1014, 1014, 1014, 1014, 1014, 1014, 1014, 1014, 1014, 1014, 1014, 1014, 1014},
   {1015, 1015, 1015, 1015, 1015, 1015, 1015, 1015, 1015, 1015, 1015, 1015, 1015, 1015, 1015, 1015, 1015, 1015, 1015, 1015, 1015, 1015, 1015},
   {1016, 1016, 1016, 1016, 1016, 1016, 1016, 1016, 1016, 1016, 1016, 1016, 1016, 1016, 1016, 1016, 1016, 1016, 1016, 1016, 1016, 1016, 1016},
   {1017, 1017, 1017, 1017, 1017, 1017, 1017, 1017, 1017, 1017, 1017, 1017, 1017, 1017, 1017, 1017, 1017, 1017, 1017, 1017, 1017, 1017, 1017},
   {1018, 1018, 1018, 1018, 1018, 1018, 1018, 1018, 1018, 1018, 1018, 1018, 1018, 1018, 1018, 1018, 1018, 1018, 1018, 1018, 1018, 1018, 1018},
   {1019, 1019, 1019, 1019, 1019, 1019, 1019, 1019, 1019, 1019, 1019, 1019, 1019, 1019, 1019, 1019, 1019, 1019, 1019, 1019, 1019, 1019, 1019},
   {1020, 1020, 1020, 1020, 1020, 1020, 1020, 1020, 1020, 1020, 1020, 1020, 1020, 1020, 1020, 1020, 1020, 1020, 1020, 1020, 1020, 1020, 1020}
};

Driver function is scanner() function;
